[PX_CALIBRATION]
mm_per_px_vert = 0.021181234918656013
mm_per_px_horz = 0.021139123067842644

