[PX_CALIBRATION]
mm_per_px_vert = 0.02395543171135427
mm_per_px_horz = 0.02395543171135427

