[PX_CALIBRATION]
mm_per_px_vert = 0.021223561667961677
mm_per_px_horz = 0.021188618443917177

[EROSION_DILATION]
erosion_value = 5
dilation_value = 5

[BORDER_WIDTH]
top = 250
left = 250
right = 250
bottom = 400

